v 20060906 1
C 55400 64400 1 0 0 3.3V-plus-1.sym
C 55300 62200 1 0 1 diode-1.sym
{
T 54900 62800 5 10 0 0 0 6 1
device=DIODE
T 55000 62700 5 10 1 1 0 6 1
refdes=D1
}
C 54400 63100 1 0 0 pushbutton.sym
C 56500 62300 1 0 1 resistor-1.sym
{
T 56200 62700 5 10 0 0 0 6 1
device=RESISTOR
T 56300 62600 5 10 1 1 0 6 1
refdes=R1
}
C 55700 63200 1 90 0 resistor-1.sym
{
T 55300 63500 5 10 0 0 90 0 1
device=RESISTOR
T 55400 63400 5 10 1 1 90 0 1
refdes=R2
}
N 55600 62400 55300 62400 4
N 54400 61800 54400 63200 4
N 55600 64100 55600 64400 4
N 55200 63200 57000 63200 4
N 56500 62400 57000 62400 4
T 57200 64600 9 10 1 0 0 0 1
R2=47 kOhm
T 57200 64200 9 10 1 0 0 0 1
R1=850 Ohm
T 57200 62400 9 10 1 0 0 0 1
L28P_1/P118/led
T 57200 63200 9 10 1 0 0 0 1
L28N_1/P119/button
